5 5 9 7 9 10 13 14
3 6 9 9 11 12 15 16
4 8 9 11 13 14 15 15
7 9 15 16 16 16 16 16
2 6 10 12 14 15 14 13
14 15 15 16 16 16 16 16
8 10 12 14 16 15 16 16
7 8 8 8 12 15 16 16
4 6 7 10 12 11 12 16
10 16 16 16 16 16 16 16
4 5 6 13 13 15 15 16
15 16 16 16 16 16 16 16
4 8 8 11 13 14 16 16
1 6 6 10 12 12 15 15
1 3 8 8 10 12 15 16
11 13 14 14 15 16 16 16
4 5 5 11 13 16 16 16
4 8 10 11 12 14 16 16
2 5 4 7 10 10 16 16
9 10 12 12 13 15 16 16
2 4 9 7 8 9 10 11
11 16 16 16 16 16 16 16
9 10 12 14 15 15 16 16
3 4 7 8 10 10 15 15
3 6 7 10 11 11 15 16
12 15 16 16 16 16 16 16
2 8 10 7 12 12 16 16
15 15 15 16 16 16 16 16
8 10 11 11 13 14 15 16
4 2 6 7 9 10 14 16
2 4 5 6 10 8 14 16
9 13 13 16 16 16 16 16
